192350
413907586
9874263
3021
453182097
6941850
356971
16974
8450793
524
38254169
5938
8795
14379625
97841
892
9076
9
4261
35718
4783062
32485769
3146927
745
48
4891
41
72
7548
785
392058
281049765
281
86429
31
2961438
1974
8
5
4
9
9
86
78642
524316
421583
6185934
980
571
1235
204
81730
6082
269745108
97361254
5410
83041
780365
905
78469251
162893570
42
83254069
81956
48
61275
130259467
62739
31095746
38295674
7
748651
6243
95
7
3
57
3
4863
7184
43769581
403
94378
2386497
24
8
8093165
905
17
3841759
2
39812
712695340
80327
1756243
753942
901
9738251
2
87
